GENERATED_TEXT_VERBATIM: 
FALLBACKS: 0
DENSE_W_MATERIALIZED: 0
PROMPT_LEN: 15
NEW_TOKENS: [248046]
generated_token_ids=[248046]
GPU_NS_PER_STEP: [126216791, 127114499, 125999083, 126671916, 127113083, 127271583, 127111083, 127238083, 126521124, 126701166, 126716375, 126709999, 126814875, 127094791, 127008041]
WAIT_NS_PER_STEP: [227614542, 127558042, 126437000, 127302709, 127581333, 127719292, 127576709, 127684750, 126938792, 127094000, 127042167, 127166834, 127260000, 127585875, 127477583]
MEDIAN_GPU_NS_PER_TOKEN: Some(126814875)
WALL_NS: 2032709459
PREFILL_WALL_NS: 2032707584
DECODE_WALL_NS: 42
FIRST_STEP_WALL_NS: 231423125
STEADY_DECODE_WALL_NS_PER_TOKEN: None
