GENERATED_TEXT_VERBATIM: 
FALLBACKS: 0
DENSE_W_MATERIALIZED: 0
PROMPT_LEN: 18
NEW_TOKENS: [248046]
generated_token_ids=[248046]
GPU_NS_PER_STEP: [127129833, 127310083, 126585791, 127314875, 126066833, 126923916, 127010500, 127073666, 127784666, 127869958, 128356875, 126949875, 126905625, 127654374, 126716124, 126653416, 126964291, 128334583]
WAIT_NS_PER_STEP: [218331917, 127916500, 127275084, 127776250, 126519625, 127384417, 127459167, 127663333, 128508000, 128303792, 128794042, 127394917, 127365292, 128090083, 127160417, 127176000, 127677625, 128902500]
MEDIAN_GPU_NS_PER_TOKEN: Some(127073666)
WALL_NS: 2417347667
PREFILL_WALL_NS: 2417344291
DECODE_WALL_NS: 0
FIRST_STEP_WALL_NS: 222094125
STEADY_DECODE_WALL_NS_PER_TOKEN: None
