GENERATED_TEXT_VERBATIM: 
FALLBACKS: 0
DENSE_W_MATERIALIZED: 0
PROMPT_LEN: 15
NEW_TOKENS: [248046]
generated_token_ids=[248046]
GPU_NS_PER_STEP: [128332749, 128349541, 127906499, 128347249, 127824625, 127497708, 127983750, 127771291, 127928625, 127299125, 127022499, 127435416, 127760000, 126916374, 127441291]
WAIT_NS_PER_STEP: [232746250, 128805583, 128453459, 128865750, 128314375, 127976458, 128472083, 128270709, 128543750, 127752375, 127503917, 127915541, 128223708, 127360375, 127900709]
MEDIAN_GPU_NS_PER_TOKEN: Some(127771291)
WALL_NS: 2069478208
PREFILL_WALL_NS: 2069475291
DECODE_WALL_NS: 41
FIRST_STEP_WALL_NS: 256204416
STEADY_DECODE_WALL_NS_PER_TOKEN: None
